219684.905509 3747355.26897 5139744.8387
221751.087722 3745909.64206 5140682.35686
221216.902324 3745756.11942 5140818.80432
220666.923836 3745604.0037 5140940.02198
219871.482828 3745170.38421 5141277.77849
221813.831295 221813.831295 5140319.24044
221191.56245 3746365.9633 5140445.16071
220103.007863 3746065.26783 5140659.82961
219541.11946 3745853.98707 5140816.85842
221470.151387 3747022.75463 5139944.12484
221027.855156 3746741.2387 5140168.11063
219811.493805 3746510.79943 5140339.81691
219117.667642 3746240.14865 5140549.11336
